             id               f               l               a
              0             jmp               0               1               0        0.000000
              1             ini               0              18               0        0.000000
              2             lit               0              32               0        0.000000
              3             sto               0               3               0        0.000000
              4             lod               0               3               0        0.000000
              5             lit               0              10               0        0.000000
              6             sto               0               4               0        0.000000
              7             lod               0               4               0        0.000000
              8             lit               0               0               0        0.000000
              9             sto               0               7               0        0.000000
             10             lod               0               7               0        0.000000
             11             lit               0               0               0        0.000000
             12             sto               0               5               0        0.000000
             13             lod               0               5               0        0.000000
             14             lod               0               5               0        0.000000
             15             lit               0               2               0        0.000000
             16             opr               0              10               0        0.000000
             17             jpc               0              56               0        0.000000
             18             jmp               0              25               0        0.000000
             19             lod               0               5               0        0.000000
             20             lit               0               1               0        0.000000
             21             opr               0               2               0        0.000000
             22             sto               0               5               0        0.000000
             23             lod               0               5               0        0.000000
             24             jmp               0              14               0        0.000000
             25             lit               0               0               0        0.000000
             26             sto               0               6               0        0.000000
             27             lod               0               6               0        0.000000
             28             lod               0               6               0        0.000000
             29             lit               0               5               0        0.000000
             30             opr               0              10               0        0.000000
             31             jpc               0              55               0        0.000000
             32             jmp               0              39               0        0.000000
             33             lod               0               6               0        0.000000
             34             lit               0               1               0        0.000000
             35             opr               0               2               0        0.000000
             36             sto               0               6               0        0.000000
             37             lod               0               6               0        0.000000
             38             jmp               0              28               0        0.000000
             39             lod               0               5               0        0.000000
             40             lit               0               5               0        0.000000
             41             opr               0               4               0        0.000000
             42             lod               0               6               0        0.000000
             43             lit               0               1               0        0.000000
             44             opr               0               4               0        0.000000
             45             opr               0               2               0        0.000000
             46             lit               0               8               0        0.000000
             47             opr               0               2               0        0.000000
             48             lod               0               7               0        0.000000
             49             lod               0               7               0        0.000000
             50             lit               0               1               0        0.000000
             51             opr               0               2               0        0.000000
             52             sto               0               7               0        0.000000
             53             sto               0               0               0        0.000000
             54             jmp               0              33               0        0.000000
             55             jmp               0              19               0        0.000000
             56             lit               0               0               0        0.000000
             57             sto               0               5               0        0.000000
             58             lod               0               5               0        0.000000
             59             lod               0               5               0        0.000000
             60             lit               0               2               0        0.000000
             61             opr               0              10               0        0.000000
             62             jpc               0              99               0        0.000000
             63             jmp               0              70               0        0.000000
             64             lod               0               5               0        0.000000
             65             lit               0               1               0        0.000000
             66             opr               0               2               0        0.000000
             67             sto               0               5               0        0.000000
             68             lod               0               5               0        0.000000
             69             jmp               0              59               0        0.000000
             70             lit               0               0               0        0.000000
             71             sto               0               6               0        0.000000
             72             lod               0               6               0        0.000000
             73             lod               0               6               0        0.000000
             74             lit               0               5               0        0.000000
             75             opr               0              10               0        0.000000
             76             jpc               0              98               0        0.000000
             77             jmp               0              84               0        0.000000
             78             lod               0               6               0        0.000000
             79             lit               0               1               0        0.000000
             80             opr               0               2               0        0.000000
             81             sto               0               6               0        0.000000
             82             lod               0               6               0        0.000000
             83             jmp               0              73               0        0.000000
             84             lod               0               5               0        0.000000
             85             lit               0               5               0        0.000000
             86             opr               0               4               0        0.000000
             87             lod               0               6               0        0.000000
             88             lit               0               1               0        0.000000
             89             opr               0               4               0        0.000000
             90             opr               0               2               0        0.000000
             91             lit               0               8               0        0.000000
             92             opr               0               2               0        0.000000
             93             lod               0               0               0        0.000000
             94             opr               0              14               0        0.000000
             95             lod               0               3               0        0.000000
             96             opr               0              17               0        0.000000
             97             jmp               0              78               0        0.000000
             98             jmp               0              64               0        0.000000
             99             opr               0               0               0        0.000000
